nan, nan, nan, nan, nan
nan, nan, nan, nan, nan
nan, nan, nan, nan, nan
nan, nan, nan, nan, nan
nan, nan, nan, nan, nan
nan, nan, nan, nan, nan
nan, nan, nan, nan, nan
nan, nan, nan, nan, nan
nan, nan, nan, nan, nan
nan, nan, nan, nan, nan
nan, nan, nan, nan, nan
nan, nan, nan, nan, nan
nan, nan, nan, nan, nan
nan, nan, nan, nan, nan
nan, nan, nan, nan, nan
nan, nan, nan, nan, nan
nan, nan, nan, nan, nan
nan, nan, nan, nan, nan
nan, nan, nan, nan, nan
nan, nan, nan, nan, nan
nan, nan, nan, nan, nan
nan, nan, nan, nan, nan
nan, nan, nan, nan, nan
nan, nan, nan, nan, nan
nan, nan, nan, nan, nan
nan, nan, nan, 1.2042, nan
nan, nan, nan, 0.0961, nan
nan, nan, nan, -0.7079249999999999, nan
nan, nan, nan, 1.51485, nan
nan, nan, nan, nan, 1.2042
nan, nan, nan, 0.00245, 0.02215
nan, nan, nan, 0.0074, 0.0172
nan, nan, nan, -0.5953, -2.500000000000002e-05
nan, nan, nan, 0.0, 0.0
nan, nan, nan, nan, 0.0961
nan, nan, nan, 0.0172, 0.0074
nan, nan, nan, 0.06389999999999998, 0.06389999999999998
nan, nan, nan, -0.4802, -0.00010000000000000009
nan, nan, nan, 0.0, -0.4901
nan, nan, nan, nan, -0.7079249999999999
nan, nan, nan, -2.500000000000002e-05, -0.5953
nan, nan, nan, -0.00010000000000000009, -0.4802
nan, nan, nan, 0.0, 0.0
nan, nan, nan, 0.0493, -1.1955500000000001
nan, nan, nan, nan, 1.51485
nan, nan, nan, 0.0, 0.0
nan, nan, nan, -0.4901, 0.0
nan, nan, nan, -1.1955500000000001, 0.0493
nan, nan, nan, -0.607675, -0.607675
0.0, nan, nan, nan, nan
0.002325, nan, nan, -0.36014999999999997, nan
0.0, nan, nan, 0.0, nan
0.031925, nan, nan, 4.797025, nan
0.022125000000000002, nan, nan, 0.00245, nan
0.002325, nan, nan, nan, -0.36014999999999997
0.0, nan, nan, -0.125, 0.0
0.00245, nan, nan, 0.0, -0.125
0.004824999999999999, nan, nan, -0.0025, -1.125
0.004925, nan, nan, -0.005, -0.4901
0.0, nan, nan, nan, 0.0
0.00245, nan, nan, -0.125, 0.0
0.0, nan, nan, 0.0, 0.0
0.00245, nan, nan, -0.0025, -0.125
0.0, nan, nan, 0.0, -0.025
0.031925, nan, nan, nan, 4.797025
0.004824999999999999, nan, nan, -1.125, -0.0025
0.00245, nan, nan, -0.125, -0.0025
0.05895, nan, nan, -0.4802, -0.4802
0.0098, nan, nan, -0.5, 0.125
0.022125000000000002, nan, nan, nan, 0.00245
0.004925, nan, nan, -0.4901, -0.005
0.0, nan, nan, -0.025, 0.0
0.0098, nan, nan, 0.125, -0.5
0.0197, nan, nan, 0.0, 0.0
nan, nan, nan, nan, nan
nan, nan, nan, 0.014700000000000001, nan
nan, nan, nan, 5.806925, nan
nan, nan, nan, 1.9566750000000002, nan
nan, nan, nan, -0.122525, nan
nan, nan, nan, nan, 0.014700000000000001
nan, nan, nan, 0.02455, 0.02455
nan, nan, nan, 1.0693, -0.587875
nan, nan, nan, 0.0073750000000000005, 0.0
nan, nan, nan, 0.0, 0.0
nan, nan, nan, nan, 5.806925
nan, nan, nan, -0.587875, 1.0693
nan, nan, nan, -1.1905999999999999, -1.1905999999999999
nan, nan, nan, -0.117575, 0.0074
nan, nan, nan, 0.0, 0.0296
nan, nan, nan, nan, 1.9566750000000002
nan, nan, nan, 0.0, 0.0073750000000000005
nan, nan, nan, 0.0074, -0.117575
nan, nan, nan, 0.004925, 0.0
nan, nan, nan, 0.0, 0.0
nan, nan, nan, nan, -0.122525
nan, nan, nan, 0.0, 0.0
nan, nan, nan, 0.0296, 0.0
nan, nan, nan, 0.0, 0.0
nan, nan, nan, -0.4604, 0.0
0.0, nan, nan, nan, nan
0.101025, nan, nan, 3.787125, nan
0.0, nan, nan, 0.0, nan
0.100875, nan, nan, 0.034425, nan
0.0, nan, nan, 0.0, nan
0.101025, nan, nan, nan, 3.787125
0.009850000000000001, nan, nan, -0.36014999999999997, -0.47772499999999996
0.0, nan, nan, 0.0, 0.0024249999999999996
0.0098, nan, nan, 0.0, 0.125
0.0, nan, nan, -0.247525, -0.0025
0.0, nan, nan, nan, 0.0
0.0, nan, nan, 0.0024249999999999996, 0.0
0.0, nan, nan, 0.0, 0.0
0.026924999999999998, nan, nan, 0.0048, -0.722775
0.0, nan, nan, 0.0, 0.0
0.100875, nan, nan, nan, 0.034425
0.0098, nan, nan, 0.125, 0.0
0.026924999999999998, nan, nan, -0.722775, 0.0048
0.01225, nan, nan, 0.0, 0.0
0.0, nan, nan, -0.01, 0.0197
0.0, nan, nan, nan, 0.0
0.0, nan, nan, -0.0025, -0.247525
0.0, nan, nan, 0.0, 0.0
0.0, nan, nan, 0.0197, -0.01
0.0, nan, nan, 0.0, 0.0
nan, nan, nan, nan, nan
nan, nan, 1.2042, nan, nan
nan, nan, 0.0961, nan, nan
nan, nan, -0.7079249999999999, nan, nan
nan, nan, 1.51485, nan, nan
nan, 1.2042, nan, nan, nan
nan, 0.02215, 0.02215, nan, nan
nan, 0.0172, 0.0074, nan, nan
nan, -2.500000000000002e-05, -0.5953, nan, nan
nan, 0.0, 0.0, nan, nan
nan, 0.0961, nan, nan, nan
nan, 0.0074, 0.0172, nan, nan
nan, 0.06389999999999998, 0.051649999999999995, nan, nan
nan, -0.00010000000000000009, -0.4802, nan, nan
nan, -0.4901, 0.0, nan, nan
nan, -0.7079249999999999, nan, nan, nan
nan, -0.5953, -2.500000000000002e-05, nan, nan
nan, -0.4802, -0.00010000000000000009, nan, nan
nan, 0.0, 0.0, nan, nan
nan, -1.1955500000000001, 0.0493, nan, nan
nan, 1.51485, nan, nan, nan
nan, 0.0, 0.0, nan, nan
nan, 0.0, -0.4901, nan, nan
nan, 0.0493, -1.1955500000000001, nan, nan
nan, -0.237625, -0.607675, nan, nan
nan, nan, nan, nan, nan
nan, nan, 0.0, 0.0, nan
nan, nan, 0.012325, 0.012325, nan
nan, nan, 0.0, 0.0, nan
nan, nan, 1.262375, 0.252475, nan
nan, 0.0, nan, nan, 0.0
nan, 0.09605000000000001, 0.02955, 0.090875, 0.169925
nan, 0.0, 0.0, 0.0, 0.0
nan, 0.0, 0.0098, 0.0098, 0.0049
nan, 0.0098, 0.0, 0.0, 0.0098
nan, 0.004925, nan, nan, 0.012325
nan, 0.0, 0.0, 0.0, 0.0
nan, 0.0, 0.0098, 0.03205, -0.0001250000000000001
nan, 0.0098, 0.00245, 0.00245, 0.039400000000000004
nan, 0.004925, 0.0, 0.0, 0.034525
nan, 0.0, nan, nan, 0.0
nan, 0.0098, 0.0049, 0.0049, 0.0
nan, 0.004925, 0.039400000000000004, 0.039400000000000004, 0.00245
nan, 0.0, 0.0, 0.0, 0.0
nan, 0.0, 0.0, 0.0, 0.0074
nan, 1.262375, nan, nan, 1.262375
nan, 0.0, 0.0098, 0.0, 0.0
nan, 0.0, 0.034525, 0.034525, 0.0
nan, 0.0, 0.0074, 0.0074, 0.0
nan, 0.0, 0.0, 0.0, 0.0
nan, nan, nan, nan, nan
nan, nan, 0.03205, 0.0074, nan
nan, nan, 0.0296, -2.500000000000002e-05, nan
nan, nan, 0.012199999999999999, 0.0, nan
nan, nan, 0.50495, 0.0296, nan
nan, 0.03205, nan, nan, 0.0074
nan, 0.15005000000000002, 0.15005000000000002, 0.10785, 0.1201
nan, 0.022175, 0.012225, 0.012025000000000001, 0.06382499999999999
nan, 0.0196, 0.0, 0.0, 0.0
nan, 0.0197, 0.004925, 0.0296, 0.0
nan, 0.0296, nan, nan, -2.500000000000002e-05
nan, 0.012225, 0.022175, 0.06382499999999999, 0.012025000000000001
nan, 0.0, 0.00245, -0.00010000000000000009, 0.0
nan, 0.0, 0.0, -2.500000000000002e-05, 0.0
nan, 0.0197, 0.0, 0.0, 0.0
nan, 0.012199999999999999, nan, nan, 0.0
nan, 0.0, 0.0196, 0.0, 0.0
nan, 0.0, 0.0, 0.0, -2.500000000000002e-05
nan, 0.004925, 0.004925, 0.0196, 0.0196
nan, -0.00010000000000000009, 0.0296, -0.00010000000000000009, 0.0098
nan, 0.50495, nan, nan, 0.0296
nan, 0.004925, 0.0197, 0.0, 0.0296
nan, 0.0, 0.0197, 0.0, 0.0
nan, 0.0296, -0.00010000000000000009, 0.0098, -0.00010000000000000009
nan, 0.0, 0.0, 0.0, 0.0
nan, nan, nan, nan, nan
nan, nan, 0.0, 0.004925, nan
nan, nan, 0.0, 0.0, nan
nan, nan, 0.0, 0.0, nan
nan, nan, 1.262375, 0.0443, nan
nan, 0.0, nan, nan, 0.004925
nan, 0.009850000000000001, 0.009850000000000001, 0.0098, 0.0098
nan, 0.016774999999999998, 0.1035, 0.06645000000000001, 0.0
nan, 0.00245, 0.0074, 0.0196, 0.019375
nan, 0.0197, 0.007375, 0.00245, 0.0296
nan, 0.0, nan, nan, 0.0
nan, 0.1035, 0.016774999999999998, 0.0, 0.06645000000000001
nan, 0.0, 0.004925, -2.500000000000002e-05, -2.500000000000002e-05
nan, -0.00010000000000000009, 0.0, 0.004925, 0.0
nan, -0.00010000000000000009, 0.004925, -2.500000000000002e-05, 0.037000000000000005
nan, 0.0, nan, nan, 0.0
nan, 0.0074, 0.00245, 0.019375, 0.0196
nan, 0.0, -0.00010000000000000009, 0.0, 0.004925
nan, 0.0, 0.0, 0.0, 0.0
nan, 0.0, 0.0, 0.0, 0.0
nan, 1.262375, nan, nan, 0.0443
nan, 0.007375, 0.0197, 0.0296, 0.00245
nan, 0.004925, -0.00010000000000000009, 0.037000000000000005, -2.500000000000002e-05
nan, 0.0, 0.0, 0.0, 0.0
nan, -2.500000000000002e-05, -5.000000000000004e-05, 0.0, 0.0
nan, nan, nan, nan, nan
nan, nan, 0.017249999999999998, 2.52475, nan
nan, nan, 0.04164999999999999, 0.022125, nan
nan, nan, 0.03195, 0.012299999999999998, nan
nan, nan, 0.0, 0.0197, nan
nan, 0.017249999999999998, nan, nan, 2.52475
nan, 0.0098, 0.0073750000000000005, 0.00245, 0.00245
nan, 0.02195, 0.004925, 0.019675, 0.014724999999999999
nan, 0.004925, 0.0, 0.0, 0.0
nan, 0.0, 0.0, 0.00245, 0.0
nan, 0.04164999999999999, nan, nan, 0.022125
nan, 0.004925, 0.02195, 0.014724999999999999, 0.019675
nan, 0.007274999999999999, 0.007274999999999999, 0.0148, 0.0148
nan, 0.0666, -2.500000000000002e-05, 0.01225, 0.0172
nan, 0.0, 0.0, 0.0, 0.0
nan, 0.03195, nan, nan, 0.012299999999999998
nan, 0.0, 0.004925, 0.0, 0.0
nan, -2.500000000000002e-05, 0.0666, 0.0172, 0.01225
nan, 0.03205, 0.0098, 0.0195, 0.0194
nan, 0.0, 0.0, -0.00010000000000000009, 0.0
nan, 0.0, nan, nan, 0.0197
nan, 0.0, 0.0, 0.0, 0.00245
nan, 0.0, 0.0, 0.0, 0.0
nan, 0.0, 0.0, 0.0, -0.00010000000000000009
nan, 0.0, 0.0, 0.0, 0.0
0.0, nan, nan, nan, nan
0.002325, nan, -0.36014999999999997, nan, nan
0.0, nan, 0.0, nan, nan
0.031925, nan, 4.797025, nan, nan
0.022125000000000002, nan, 0.00245, nan, nan
0.002325, -0.36014999999999997, nan, nan, nan
0.0, -0.125, -0.125, nan, nan
0.00245, -0.125, 0.0, nan, nan
0.004824999999999999, -1.125, -0.0025, nan, nan
0.004925, -0.4901, -0.005, nan, nan
0.0, 0.0, nan, nan, nan
0.00245, 0.0, -0.125, nan, nan
0.0, 0.0, 0.0, nan, nan
0.00245, -0.125, -0.0025, nan, nan
0.0, -0.025, 0.0, nan, nan
0.031925, 4.797025, nan, nan, nan
0.004824999999999999, -0.0025, -1.125, nan, nan
0.00245, -0.0025, -0.125, nan, nan
0.05895, -0.4802, 0.0, nan, nan
0.0098, 0.125, -0.5, nan, nan
0.022125000000000002, 0.00245, nan, nan, nan
0.004925, -0.005, -0.4901, nan, nan
0.0, 0.0, -0.025, nan, nan
0.0098, -0.5, 0.125, nan, nan
0.0197, 0.0, 0.0, nan, nan
nan, nan, nan, nan, nan
nan, nan, 0.0074, 0.03205, nan
nan, nan, -2.500000000000002e-05, 0.0296, nan
nan, nan, 0.0, 0.012199999999999999, nan
nan, nan, 0.0296, 0.50495, nan
nan, 0.0074, nan, nan, 0.03205
nan, 0.1201, 0.1201, 0.130425, 0.15005000000000002
nan, 0.06382499999999999, 0.012025000000000001, 0.012225, 0.022175
nan, 0.0, 0.0, 0.0, 0.0196
nan, 0.0, 0.0296, 0.004925, 0.0197
nan, -2.500000000000002e-05, nan, nan, 0.0296
nan, 0.012025000000000001, 0.06382499999999999, 0.022175, 0.012225
nan, -0.00010000000000000009, -0.00010000000000000009, 0.00245, 0.00245
nan, 0.0, -2.500000000000002e-05, 0.0, 0.0
nan, 0.0, 0.0, 0.0, 0.0197
nan, 0.0, nan, nan, 0.012199999999999999
nan, 0.0, 0.0, 0.0196, 0.0
nan, -2.500000000000002e-05, 0.0, 0.0, 0.0
nan, 0.0196, -0.00010000000000000009, 0.004925, -0.00010000000000000009
nan, 0.0098, -0.00010000000000000009, 0.0296, -0.00010000000000000009
nan, 0.0296, nan, nan, 0.50495
nan, 0.0296, 0.0, 0.0197, 0.004925
nan, 0.0, 0.0, 0.0197, 0.0
nan, -0.00010000000000000009, 0.0098, -0.00010000000000000009, 0.0296
nan, 0.0, 0.0, 0.0, 0.0
nan, nan, nan, nan, nan
nan, nan, -0.00010000000000000009, -0.00010000000000000009, nan
nan, nan, 0.0, 0.0, nan
nan, nan, 0.252475, 0.50495, nan
nan, nan, -0.00010000000000000009, -0.00010000000000000009, nan
nan, -0.00010000000000000009, nan, nan, 0.0
nan, 0.0, 0.0, 0.0, 0.0
nan, 0.0, -2.500000000000002e-05, -2.500000000000002e-05, 0.0
nan, 0.021949999999999997, 0.031925, 0.031925, -0.00010000000000000009
nan, 0.0197, 0.0, 0.0, 0.0197
nan, 0.0, nan, nan, 0.0
nan, 0.0, 0.0, 0.0, -2.500000000000002e-05
nan, 0.0, 0.0, 0.0, 0.0
nan, 0.0, 0.0197, 0.0197, 0.0
nan, 0.0, 0.0, 0.0, 0.0
nan, 0.50495, nan, nan, 0.50495
nan, 0.031925, 0.021949999999999997, 0.021949999999999997, 0.027
nan, 0.0197, 0.0, 0.0, 0.0
nan, 0.0, 0.0, 0.0, 0.0
nan, 0.0, 0.0, -2.500000000000002e-05, 0.0
nan, 0.0, nan, nan, -0.00010000000000000009
nan, 0.0, 0.0, 0.0197, 0.0
nan, 0.0, 0.0, 0.0, 0.0
nan, -2.500000000000002e-05, 0.0, 0.0, -2.500000000000002e-05
nan, 0.0, 0.0, 0.0, 0.0
nan, nan, nan, nan, nan
nan, nan, 0.0985, 0.07385000000000001, nan
nan, nan, 0.004925, 0.0, nan
nan, nan, 0.252475, 0.0, nan
nan, nan, 0.004925, 0.0, nan
nan, 0.0985, nan, nan, 0.07385000000000001
nan, 0.012325, 0.012325, -0.00010000000000000009, 0.0073
nan, 0.0, 0.0246, 0.014700000000000001, 0.009850000000000001
nan, 0.009774999999999999, 0.00245, 0.0, 0.0
nan, 0.0, 0.00245, 0.012325, 0.004925
nan, 0.004925, nan, nan, 0.0
nan, 0.0246, 0.0, 0.009850000000000001, 0.014700000000000001
nan, 0.0, 0.0, 0.00985, 0.00985
nan, 0.0098, 0.0, 0.0, 0.004925
nan, 0.0074, 0.0, 0.0, 0.0
nan, 0.252475, nan, nan, 0.0
nan, 0.00245, 0.009774999999999999, 0.0, 0.0
nan, 0.0, 0.0098, 0.004925, 0.0
nan, 0.0, 0.0, 0.0, 0.0
nan, 0.0, 0.0, 0.0, 0.0
nan, 0.004925, nan, nan, 0.0
nan, 0.00245, 0.0, 0.004925, 0.012325
nan, 0.0, 0.0074, 0.0, 0.0
nan, 0.0, 0.0, 0.0, 0.0
nan, 0.0, 0.0, 0.0197, 0.0197
nan, nan, nan, nan, nan
nan, nan, 0.007375, 0.50495, nan
nan, nan, 0.0098, 0.0, nan
nan, nan, 1.0099, 0.029500000000000002, nan
nan, nan, 0.00245, 0.0, nan
nan, 0.007375, nan, nan, 0.50495
nan, 0.037000000000000005, 0.037000000000000005, 0.014775, 0.014775
nan, 0.0, 0.0, 0.0074, 0.0
nan, 0.0074, 0.04930000000000001, 0.00985, 0.027049999999999998
nan, -2.500000000000002e-05, 0.0, 0.0, 0.0197
nan, 0.0098, nan, nan, 0.0
nan, 0.0, 0.0, 0.0, 0.0074
nan, 0.0296, 0.0296, 0.0, 0.0
nan, 0.0196, 0.0468, 0.00245, 0.0493
nan, 0.0, 0.0, 0.0, 0.0
nan, 1.0099, nan, nan, 0.029500000000000002
nan, 0.04930000000000001, 0.0074, 0.027049999999999998, 0.00985
nan, 0.0468, 0.0196, 0.0493, 0.00245
nan, 0.0, -2.500000000000002e-05, 0.0197, 0.0
nan, 0.0, 0.0, 0.0, 0.0
nan, 0.00245, nan, nan, 0.0
nan, 0.0, -2.500000000000002e-05, 0.0197, 0.0
nan, 0.0, 0.0, 0.0, 0.0
nan, 0.0, 0.0, 0.0, 0.0
nan, 0.0, 0.0, 0.0, 0.0
nan, nan, nan, nan, nan
nan, nan, 0.014700000000000001, nan, nan
nan, nan, 5.806925, nan, nan
nan, nan, 1.9566750000000002, nan, nan
nan, nan, -0.122525, nan, nan
nan, 0.014700000000000001, nan, nan, nan
nan, 0.0123, 0.02455, nan, nan
nan, -0.587875, 1.0693, nan, nan
nan, 0.0, 0.0073750000000000005, nan, nan
nan, 0.0, 0.0, nan, nan
nan, 5.806925, nan, nan, nan
nan, 1.0693, -0.587875, nan, nan
nan, -0.7004999999999999, -1.1905999999999999, nan, nan
nan, 0.0074, -0.117575, nan, nan
nan, 0.0296, 0.0, nan, nan
nan, 1.9566750000000002, nan, nan, nan
nan, 0.0073750000000000005, 0.0, nan, nan
nan, -0.117575, 0.0074, nan, nan
nan, 0.004925, 0.004925, nan, nan
nan, 0.0, 0.0, nan, nan
nan, -0.122525, nan, nan, nan
nan, 0.0, 0.0, nan, nan
nan, 0.0, 0.0296, nan, nan
nan, 0.0, 0.0, nan, nan
nan, -0.4604, -0.4604, nan, nan
nan, nan, nan, nan, nan
nan, nan, 0.004925, 0.0, nan
nan, nan, 0.0, 0.0, nan
nan, nan, 0.0, 0.0, nan
nan, nan, 0.0443, 1.262375, nan
nan, 0.004925, nan, nan, 0.0
nan, 0.0098, 0.0, 0.009850000000000001, 0.0074
nan, 0.0, 0.06645000000000001, 0.1035, 0.016774999999999998
nan, 0.019375, 0.0196, 0.0074, 0.00245
nan, 0.0296, 0.00245, 0.007375, 0.0197
nan, 0.0, nan, nan, 0.0
nan, 0.06645000000000001, 0.0, 0.016774999999999998, 0.1035
nan, 0.00245, -2.500000000000002e-05, 0.004925, 0.004925
nan, 0.0, 0.004925, 0.0, -0.00010000000000000009
nan, 0.037000000000000005, -2.500000000000002e-05, 0.004925, -0.00010000000000000009
nan, 0.0, nan, nan, 0.0
nan, 0.0196, 0.019375, 0.00245, 0.0074
nan, 0.004925, 0.0, -0.00010000000000000009, 0.0
nan, 0.0, 0.0, 0.0, 0.0
nan, 0.0, 0.0, 0.0, 0.0
nan, 0.0443, nan, nan, 1.262375
nan, 0.00245, 0.0296, 0.0197, 0.007375
nan, -2.500000000000002e-05, 0.037000000000000005, -0.00010000000000000009, 0.004925
nan, 0.0, 0.0, 0.0, 0.0
nan, 0.0, 0.0, -5.000000000000004e-05, -5.000000000000004e-05
nan, nan, nan, nan, nan
nan, nan, 0.07385000000000001, 0.0985, nan
nan, nan, 0.0, 0.004925, nan
nan, nan, 0.0, 0.252475, nan
nan, nan, 0.0, 0.004925, nan
nan, 0.07385000000000001, nan, nan, 0.0985
nan, 0.0073, 0.0073, 0.0, 0.012325
nan, 0.009850000000000001, 0.014700000000000001, 0.0246, 0.0
nan, 0.0, 0.0, 0.00245, 0.009774999999999999
nan, 0.004925, 0.012325, 0.00245, 0.0
nan, 0.0, nan, nan, 0.004925
nan, 0.014700000000000001, 0.009850000000000001, 0.0, 0.0246
nan, 0.00985, 0.0, 0.0, 0.0
nan, 0.004925, 0.0, 0.0, 0.0098
nan, 0.0, 0.0, 0.0, 0.0074
nan, 0.0, nan, nan, 0.252475
nan, 0.0, 0.0, 0.009774999999999999, 0.00245
nan, 0.0, 0.004925, 0.0098, 0.0
nan, 0.0, 0.0, 0.0, 0.0
nan, 0.0, 0.0, 0.0, 0.0
nan, 0.0, nan, nan, 0.004925
nan, 0.012325, 0.004925, 0.0, 0.00245
nan, 0.0, 0.0, 0.0074, 0.0
nan, 0.0, 0.0, 0.0, 0.0
nan, 0.0, 0.0197, 0.0, 0.0
nan, nan, nan, nan, nan
nan, nan, 0.004925, 0.014724999999999999, nan
nan, nan, 0.252475, 0.252475, nan
nan, nan, 0.0, 0.0, nan
nan, nan, 0.0074, 0.0074, nan
nan, 0.014724999999999999, nan, nan, 0.014724999999999999
nan, 0.004925, 0.0148, 0.0074, 0.0
nan, 0.00245, 0.0, 0.0, 0.0
nan, 0.0, 0.0, 0.0, 0.0
nan, 0.0296, -2.500000000000002e-05, -2.500000000000002e-05, 0.0296
nan, 0.252475, nan, nan, 0.0
nan, 0.0, 0.00245, 0.00245, 0.0
nan, 0.0098, -0.00010000000000000009, 0.007275, 0.02955
nan, 0.0, 0.0, 0.0, 0.0
nan, 0.0, 0.0, 0.0, 0.0
nan, 0.0, nan, nan, 0.0
nan, 0.0, 0.0, 0.0, 0.0
nan, 0.0, 0.0, 0.0, 0.0
nan, 0.0, 0.0, 0.0, 0.0
nan, 0.0, 0.0, 0.0, 0.0
nan, 0.0, nan, nan, 0.0074
nan, 0.0, 0.0, 0.0296, -2.500000000000002e-05
nan, 0.0, 0.0, 0.0, 0.0
nan, 0.0, 0.0, 0.0, 0.0
nan, 0.0, 0.0, 0.0, 0.0
nan, nan, nan, nan, nan
nan, nan, -2.500000000000002e-05, 0.50495, nan
nan, nan, 0.0, 0.009825, nan
nan, nan, 0.0, 0.0, nan
nan, nan, 0.0, 0.0, nan
nan, -2.500000000000002e-05, nan, nan, 0.50495
nan, 0.00245, 0.00245, 0.0, 0.0
nan, 0.0, 0.01725, 0.004925, 0.0
nan, 0.0, 0.0, 0.07645, -2.500000000000002e-05
nan, 0.0, 0.0, 0.0, 0.004925
nan, 0.0, nan, nan, 0.009825
nan, 0.01725, 0.0, 0.0, 0.004925
nan, 0.0, 0.0, 0.02215, 0.02215
nan, 0.0, 0.0, 0.004925, 0.00245
nan, 0.0, 0.0, 0.0, 0.0
nan, 0.0, nan, nan, 0.0
nan, 0.0, 0.0, -2.500000000000002e-05, 0.07645
nan, 0.0, 0.0, 0.00245, 0.004925
nan, 0.0, 0.0, 0.0098, 0.0098
nan, -0.00010000000000000009, 0.0, 0.0, -0.00010000000000000009
nan, 0.0, nan, nan, 0.0
nan, 0.0, 0.0, 0.004925, 0.0
nan, 0.0, 0.0, 0.0, 0.0
nan, 0.0, -0.00010000000000000009, -0.00010000000000000009, 0.0
nan, 0.0, 0.0, 0.0, 0.0
0.0, nan, nan, nan, nan
0.101025, nan, 3.787125, nan, nan
0.0, nan, 0.0, nan, nan
0.100875, nan, 0.034425, nan, nan
0.0, nan, 0.0, nan, nan
0.101025, 3.787125, nan, nan, nan
0.009850000000000001, -0.47772499999999996, -0.47772499999999996, nan, nan
0.0, 0.0024249999999999996, 0.0, nan, nan
0.0098, 0.125, 0.0, nan, nan
0.0, -0.0025, -0.247525, nan, nan
0.0, 0.0, nan, nan, nan
0.0, 0.0, 0.0024249999999999996, nan, nan
0.0, 0.0, 0.0, nan, nan
0.026924999999999998, -0.722775, 0.0048, nan, nan
0.0, 0.0, 0.0, nan, nan
0.100875, 0.034425, nan, nan, nan
0.0098, 0.0, 0.125, nan, nan
0.026924999999999998, 0.0048, -0.722775, nan, nan
0.01225, 0.0, 0.0, nan, nan
0.0, 0.0197, -0.01, nan, nan
0.0, 0.0, nan, nan, nan
0.0, -0.247525, -0.0025, nan, nan
0.0, 0.0, 0.0, nan, nan
0.0, -0.01, 0.0197, nan, nan
0.0, 0.0, 0.0, nan, nan
nan, nan, nan, nan, nan
nan, nan, 2.52475, 0.017249999999999998, nan
nan, nan, 0.022125, 0.04164999999999999, nan
nan, nan, 0.012299999999999998, 0.03195, nan
nan, nan, 0.0197, 0.0, nan
nan, 2.52475, nan, nan, 0.017249999999999998
nan, 0.00245, 0.0296, 0.0098, 0.0098
nan, 0.014724999999999999, 0.019675, 0.004925, 0.02195
nan, 0.0, 0.0, 0.0, 0.004925
nan, 0.0, 0.00245, 0.0, 0.0
nan, 0.022125, nan, nan, 0.04164999999999999
nan, 0.019675, 0.014724999999999999, 0.02195, 0.004925
nan, 0.0148, -2.500000000000002e-05, 0.0023499999999999997, 0.007274999999999999
nan, 0.0172, 0.01225, -2.500000000000002e-05, 0.0666
nan, 0.0, 0.0, 0.0, 0.0
nan, 0.012299999999999998, nan, nan, 0.03195
nan, 0.0, 0.0, 0.004925, 0.0
nan, 0.01225, 0.0172, 0.0666, -2.500000000000002e-05
nan, 0.0194, 0.0194, 0.03205, 0.03205
nan, 0.0, -0.00010000000000000009, 0.0, 0.0
nan, 0.0197, nan, nan, 0.0
nan, 0.00245, 0.0, 0.0, 0.0
nan, 0.0, 0.0, 0.0, 0.0
nan, -0.00010000000000000009, 0.0, 0.0, 0.0
nan, 0.0, 0.0, 0.0, 0.0
nan, nan, nan, nan, nan
nan, nan, 0.50495, 0.007375, nan
nan, nan, 0.0, 0.0098, nan
nan, nan, 0.029500000000000002, 1.0099, nan
nan, nan, 0.0, 0.00245, nan
nan, 0.50495, nan, nan, 0.007375
nan, 0.0073750000000000005, 0.014775, 0.0, 0.037000000000000005
nan, 0.0, 0.0074, 0.0, 0.0
nan, 0.027049999999999998, 0.00985, 0.04930000000000001, 0.0074
nan, 0.0197, 0.0, 0.0, -2.500000000000002e-05
nan, 0.0, nan, nan, 0.0098
nan, 0.0074, 0.0, 0.0, 0.0
nan, 0.0, 0.0, 0.0, 0.0296
nan, 0.0493, 0.00245, 0.0468, 0.0196
nan, 0.0, 0.0, 0.0, 0.0
nan, 0.029500000000000002, nan, nan, 1.0099
nan, 0.00985, 0.027049999999999998, 0.0074, 0.04930000000000001
nan, 0.00245, 0.0493, 0.0196, 0.0468
nan, 0.0197, 0.0197, -2.500000000000002e-05, -2.500000000000002e-05
nan, 0.0, 0.0, 0.0, 0.0
nan, 0.0, nan, nan, 0.00245
nan, 0.0, 0.0197, -2.500000000000002e-05, 0.0
nan, 0.0, 0.0, 0.0, 0.0
nan, 0.0, 0.0, 0.0, 0.0
nan, 0.0, 0.0, 0.0, 0.0
nan, nan, nan, nan, nan
nan, nan, 0.50495, -2.500000000000002e-05, nan
nan, nan, 0.009825, 0.0, nan
nan, nan, 0.0, 0.0, nan
nan, nan, 0.0, 0.0, nan
nan, 0.50495, nan, nan, -2.500000000000002e-05
nan, 0.0, 0.0, 0.0, 0.00245
nan, 0.0, 0.004925, 0.01725, 0.0
nan, -2.500000000000002e-05, 0.07645, 0.0, 0.0
nan, 0.004925, 0.0, 0.0, 0.0
nan, 0.009825, nan, nan, 0.0
nan, 0.004925, 0.0, 0.0, 0.01725
nan, 0.02215, 0.00245, 0.0, 0.0
nan, 0.00245, 0.004925, 0.0, 0.0
nan, 0.0, 0.0, 0.0, 0.0
nan, 0.0, nan, nan, 0.0
nan, 0.07645, -2.500000000000002e-05, 0.0, 0.0
nan, 0.004925, 0.00245, 0.0, 0.0
nan, 0.0098, 0.0, 0.0, 0.0
nan, -0.00010000000000000009, 0.0, 0.0, -0.00010000000000000009
nan, 0.0, nan, nan, 0.0
nan, 0.0, 0.004925, 0.0, 0.0
nan, 0.0, 0.0, 0.0, 0.0
nan, 0.0, -0.00010000000000000009, -0.00010000000000000009, 0.0
nan, 0.0, 0.0, 0.0, 0.0
nan, nan, nan, nan, nan
nan, nan, 0.50495, 0.50495, nan
nan, nan, 0.039400000000000004, 0.039400000000000004, nan
nan, nan, 0.0443, 0.0542, nan
nan, nan, 0.0, 0.0, nan
nan, 0.252475, nan, nan, 0.50495
nan, 0.0, 0.0074, 0.0, 0.00245
nan, -2.500000000000002e-05, 0.0, 0.0, 0.009825
nan, 0.0, 0.004925, 0.004925, 0.0
nan, 0.0, 0.0, 0.0, 0.0
nan, 0.039400000000000004, nan, nan, 0.0098
nan, 0.0, 0.009825, 0.009825, 0.0
nan, 0.0, 0.0, 0.0, 0.0
nan, 0.019575, 0.0, 0.0, 0.019575
nan, 0.0, 0.0, 0.0, 0.0
nan, 0.0542, nan, nan, 0.0542
nan, 0.004925, 0.0, 0.0, 0.0
nan, 0.0, 0.019575, 0.0196, 0.0
nan, 0.0, 0.0, 0.0, -0.00010000000000000009
nan, 0.0, -0.0001250000000000001, -0.0001250000000000001, 0.0
nan, 0.0, nan, nan, 0.0
nan, 0.0, 0.0, 0.0, 0.0
nan, 0.0, 0.0, 0.0, 0.0
nan, -0.00010000000000000009, 0.0, 0.0, -0.0001250000000000001
nan, 0.0, 0.0, 0.0, 0.0
